250 223 225 224 241 255 255 255 255 255 255 242 226 225 223 248
223  72 102  96 171 255 255 255 255 255 255 177 103 102  75 220
225 102 105 117 181 255 255 255 255 255 255 185 125 105 109 222
224  96 117  82 177 255 255 255 255 255 255 182  89 116 101 222
241 171 181 177 218 255 255 255 255 255 255 221 179 181 172 240
255 255 255 255 255 255 255 255 255 255 255 255 255 255 255 255
255 255 255 255 255 255 255 255 255 255 255 255 255 255 255 255
255 255 255 255 255 255 255 255 255 255 255 255 255 255 255 255
255 255 255 255 255 255 255 255 255 255 255 255 255 255 255 255
255 255 255 255 255 255 255 255 255 255 255 255 255 255 255 255
255 255 255 255 255 255 255 255 255 255 255 255 255 255 255 255
242 177 185 182 221 255 255 255 255 255 255 255 255 255 255 255
226 103 125  89 179 255 255 255 255 255 255 255 255 255 255 255
225 102 105 116 181 255 255 255 255 255 255 255 255 254 252 254
223  75 109 101 172 255 255 255 255 255 255 255 255 250 215 252
248 220 222 222 240 255 255 255 255 255 255 255 255 254 248 254
250 223 225 224 241 255 255 255 255 255 255 242 226 225 223 248
223  72 102  96 171 255 255 255 255 255 255 177 103 102  75 220
225 102 105 117 181 255 255 255 255 255 255 185 125 105 109 222
224  96 117  82 177 255 255 255 255 255 255 182  89 116 101 222
241 171 181 177 218 255 255 255 255 255 255 221 179 181 172 240
255 255 255 255 255 255 255 255 255 255 255 255 255 255 255 255
255 255 255 255 255 255 255 255 255 255 255 255 255 255 255 255
255 255 255 255 255 255 255 255 255 255 255 255 255 255 255 255
255 255 255 255 255 255 255 255 255 255 255 255 255 255 255 255
255 255 255 255 255 255 255 255 255 255 255 255 255 255 255 255
255 255 255 255 255 255 255 255 255 255 255 255 255 255 255 255
242 177 185 182 221 255 255 255 255 255 255 255 255 255 255 255
226 103 125  89 179 255 255 255 255 255 255 255 255 255 255 255
225 102 105 116 181 255 255 255 255 255 255 255 255 254 252 254
223  75 109 101 172 255 255 255 255 255 255 255 255 250 215 252
248 220 222 222 240 255 255 255 255 255 255 255 255 254 248 254
250 223 225 224 241 255 255 255 255 255 255 242 226 225 223 248
223  72 102  96 171 255 255 255 255 255 255 177 103 102  75 220
225 102 105 117 181 255 255 255 255 255 255 185 125 105 109 222
224  96 117  82 177 255 255 255 255 255 255 182  89 116 101 222
241 171 181 177 218 255 255 255 255 255 255 221 179 181 172 240
255 255 255 255 255 255 255 255 255 255 255 255 255 255 255 255
255 255 255 255 255 255 255 255 255 255 255 255 255 255 255 255
255 255 255 255 255 255 255 255 255 255 255 255 255 255 255 255
255 255 255 255 255 255 255 255 255 255 255 255 255 255 255 255
255 255 255 255 255 255 255 255 255 255 255 255 255 255 255 255
255 255 255 255 255 255 255 255 255 255 255 255 255 255 255 255
242 177 185 182 221 255 255 255 255 255 255 255 255 255 255 255
226 103 125  89 179 255 255 255 255 255 255 255 255 255 255 255
225 102 105 116 181 255 255 255 255 255 255 255 255 254 252 254
223  75 109 101 172 255 255 255 255 255 255 255 255 250 215 252
248 220 222 222 240 255 255 255 255 255 255 255 255 254 248 254

249 221 223 223 241 255 255 255 255 255 255 255 255 255 252 254
224  75 110 102 172 255 255 255 255 255 255 255 255 253 216 248
225 103 105 116 181 255 255 255 255 255 255 255 255 255 251 254
226 103 126  90 180 255 255 255 255 255 255 255 255 255 255 255
243 177 185 182 222 255 255 255 255 255 255 255 255 255 255 255
255 255 255 255 255 255 255 255 255 255 255 255 255 255 255 255
255 255 255 255 255 255 255 255 255 255 255 255 255 255 255 255
255 255 255 255 255 255 255 255 255 255 255 255 255 255 255 255
255 255 255 255 255 255 255 255 255 255 255 255 255 255 255 255
255 255 255 255 255 255 255 255 255 255 255 255 255 255 255 255
255 255 255 255 255 255 255 255 255 255 255 255 255 255 255 255
241 171 181 177 219 255 255 255 255 255 255 222 180 181 172 241
225  97 118  82 177 255 255 255 255 255 255 182  90 116 102 223
225 103 105 118 181 255 255 255 255 255 255 185 126 105 110 223
223  72 103  97 171 255 255 255 255 255 255 177 103 103  75 221
250 223 225 225 241 255 255 255 255 255 255 243 226 225 224 249
249 221 223 223 241 255 255 255 255 255 255 255 255 255 252 254
224  75 110 102 172 255 255 255 255 255 255 255 255 253 216 248
225 103 105 116 181 255 255 255 255 255 255 255 255 255 251 254
226 103 126  90 180 255 255 255 255 255 255 255 255 255 255 255
243 177 185 182 222 255 255 255 255 255 255 255 255 255 255 255
255 255 255 255 255 255 255 255 255 255 255 255 255 255 255 255
255 255 255 255 255 255 255 255 255 255 255 255 255 255 255 255
255 255 255 255 255 255 255 255 255 255 255 255 255 255 255 255
255 255 255 255 255 255 255 255 255 255 255 255 255 255 255 255
255 255 255 255 255 255 255 255 255 255 255 255 255 255 255 255
255 255 255 255 255 255 255 255 255 255 255 255 255 255 255 255
241 171 181 177 219 255 255 255 255 255 255 222 180 181 172 241
225  97 118  82 177 255 255 255 255 255 255 182  90 116 102 223
225 103 105 118 181 255 255 255 255 255 255 185 126 105 110 223
223  72 103  97 171 255 255 255 255 255 255 177 103 103  75 221
250 223 225 225 241 255 255 255 255 255 255 243 226 225 224 249
249 221 223 223 241 255 255 255 255 255 255 255 255 255 252 254
224  75 110 102 172 255 255 255 255 255 255 255 255 253 216 248
225 103 105 116 181 255 255 255 255 255 255 255 255 255 251 254
226 103 126  90 180 255 255 255 255 255 255 255 255 255 255 255
243 177 185 182 222 255 255 255 255 255 255 255 255 255 255 255
255 255 255 255 255 255 255 255 255 255 255 255 255 255 255 255
255 255 255 255 255 255 255 255 255 255 255 255 255 255 255 255
255 255 255 255 255 255 255 255 255 255 255 255 255 255 255 255
255 255 255 255 255 255 255 255 255 255 255 255 255 255 255 255
255 255 255 255 255 255 255 255 255 255 255 255 255 255 255 255
255 255 255 255 255 255 255 255 255 255 255 255 255 255 255 255
241 171 181 177 219 255 255 255 255 255 255 222 180 181 172 241
225  97 118  82 177 255 255 255 255 255 255 182  90 116 102 223
225 103 105 118 181 255 255 255 255 255 255 185 126 105 110 223
223  72 103  97 171 255 255 255 255 255 255 177 103 103  75 221
250 223 225 225 241 255 255 255 255 255 255 243 226 225 224 249

254 248 254 255 255 255 255 255 255 255 255 241 223 223 221 249
252 216 251 255 255 255 255 255 255 255 255 172 102 110  75 224
255 253 255 255 255 255 255 255 255 255 255 181 116 105 103 225
255 255 255 255 255 255 255 255 255 255 255 180  90 126 103 226
255 255 255 255 255 255 255 255 255 255 255 222 182 185 177 243
255 255 255 255 255 255 255 255 255 255 255 255 255 255 255 255
255 255 255 255 255 255 255 255 255 255 255 255 255 255 255 255
255 255 255 255 255 255 255 255 255 255 255 255 255 255 255 255
255 255 255 255 255 255 255 255 255 255 255 255 255 255 255 255
255 255 255 255 255 255 255 255 255 255 255 255 255 255 255 255
255 255 255 255 255 255 255 255 255 255 255 255 255 255 255 255
241 172 181 180 222 255 255 255 255 255 255 219 177 181 171 241
223 102 116  90 182 255 255 255 255 255 255 177  82 118  97 225
223 110 105 126 185 255 255 255 255 255 255 181 118 105 103 225
221  75 103 103 177 255 255 255 255 255 255 171  97 103  72 223
249 224 225 226 243 255 255 255 255 255 255 241 225 225 223 250
254 248 254 255 255 255 255 255 255 255 255 241 223 223 221 249
252 216 251 255 255 255 255 255 255 255 255 172 102 110  75 224
255 253 255 255 255 255 255 255 255 255 255 181 116 105 103 225
255 255 255 255 255 255 255 255 255 255 255 180  90 126 103 226
255 255 255 255 255 255 255 255 255 255 255 222 182 185 177 243
255 255 255 255 255 255 255 255 255 255 255 255 255 255 255 255
255 255 255 255 255 255 255 255 255 255 255 255 255 255 255 255
255 255 255 255 255 255 255 255 255 255 255 255 255 255 255 255
255 255 255 255 255 255 255 255 255 255 255 255 255 255 255 255
255 255 255 255 255 255 255 255 255 255 255 255 255 255 255 255
255 255 255 255 255 255 255 255 255 255 255 255 255 255 255 255
241 172 181 180 222 255 255 255 255 255 255 219 177 181 171 241
223 102 116  90 182 255 255 255 255 255 255 177  82 118  97 225
223 110 105 126 185 255 255 255 255 255 255 181 118 105 103 225
221  75 103 103 177 255 255 255 255 255 255 171  97 103  72 223
249 224 225 226 243 255 255 255 255 255 255 241 225 225 223 250
254 248 254 255 255 255 255 255 255 255 255 241 223 223 221 249
252 216 251 255 255 255 255 255 255 255 255 172 102 110  75 224
255 253 255 255 255 255 255 255 255 255 255 181 116 105 103 225
255 255 255 255 255 255 255 255 255 255 255 180  90 126 103 226
255 255 255 255 255 255 255 255 255 255 255 222 182 185 177 243
255 255 255 255 255 255 255 255 255 255 255 255 255 255 255 255
255 255 255 255 255 255 255 255 255 255 255 255 255 255 255 255
255 255 255 255 255 255 255 255 255 255 255 255 255 255 255 255
255 255 255 255 255 255 255 255 255 255 255 255 255 255 255 255
255 255 255 255 255 255 255 255 255 255 255 255 255 255 255 255
255 255 255 255 255 255 255 255 255 255 255 255 255 255 255 255
241 172 181 180 222 255 255 255 255 255 255 219 177 181 171 241
223 102 116  90 182 255 255 255 255 255 255 177  82 118  97 225
223 110 105 126 185 255 255 255 255 255 255 181 118 105 103 225
221  75 103 103 177 255 255 255 255 255 255 171  97 103  72 223
249 224 225 226 243 255 255 255 255 255 255 241 225 225 223 250

249 224 225 226 243 255 255 255 255 255 255 241 225 225 223 250
221  75 103 103 177 255 255 255 255 255 255 171  97 103  72 223
223 110 105 126 185 255 255 255 255 255 255 181 118 105 103 225
223 102 116  90 182 255 255 255 255 255 255 177  82 118  97 225
241 172 181 180 222 255 255 255 255 255 255 219 177 181 171 241
255 255 255 255 255 255 255 255 255 255 255 255 255 255 255 255
255 255 255 255 255 255 255 255 255 255 255 255 255 255 255 255
255 255 255 255 255 255 255 255 255 255 255 255 255 255 255 255
255 255 255 255 255 255 255 255 255 255 255 255 255 255 255 255
255 255 255 255 255 255 255 255 255 255 255 255 255 255 255 255
255 255 255 255 255 255 255 255 255 255 255 255 255 255 255 255
255 255 255 255 255 255 255 255 255 255 255 222 182 185 177 243
255 255 255 255 255 255 255 255 255 255 255 180  90 126 103 226
254 251 255 255 255 255 255 255 255 255 255 181 116 105 103 225
248 216 253 255 255 255 255 255 255 255 255 172 102 110  75 224
254 252 255 255 255 255 255 255 255 255 255 241 223 223 221 249
249 224 225 226 243 255 255 255 255 255 255 241 225 225 223 250
221  75 103 103 177 255 255 255 255 255 255 171  97 103  72 223
223 110 105 126 185 255 255 255 255 255 255 181 118 105 103 225
223 102 116  90 182 255 255 255 255 255 255 177  82 118  97 225
241 172 181 180 222 255 255 255 255 255 255 219 177 181 171 241
255 255 255 255 255 255 255 255 255 255 255 255 255 255 255 255
255 255 255 255 255 255 255 255 255 255 255 255 255 255 255 255
255 255 255 255 255 255 255 255 255 255 255 255 255 255 255 255
255 255 255 255 255 255 255 255 255 255 255 255 255 255 255 255
255 255 255 255 255 255 255 255 255 255 255 255 255 255 255 255
255 255 255 255 255 255 255 255 255 255 255 255 255 255 255 255
255 255 255 255 255 255 255 255 255 255 255 222 182 185 177 243
255 255 255 255 255 255 255 255 255 255 255 180  90 126 103 226
254 251 255 255 255 255 255 255 255 255 255 181 116 105 103 225
248 216 253 255 255 255 255 255 255 255 255 172 102 110  75 224
254 252 255 255 255 255 255 255 255 255 255 241 223 223 221 249
249 224 225 226 243 255 255 255 255 255 255 241 225 225 223 250
221  75 103 103 177 255 255 255 255 255 255 171  97 103  72 223
223 110 105 126 185 255 255 255 255 255 255 181 118 105 103 225
223 102 116  90 182 255 255 255 255 255 255 177  82 118  97 225
241 172 181 180 222 255 255 255 255 255 255 219 177 181 171 241
255 255 255 255 255 255 255 255 255 255 255 255 255 255 255 255
255 255 255 255 255 255 255 255 255 255 255 255 255 255 255 255
255 255 255 255 255 255 255 255 255 255 255 255 255 255 255 255
255 255 255 255 255 255 255 255 255 255 255 255 255 255 255 255
255 255 255 255 255 255 255 255 255 255 255 255 255 255 255 255
255 255 255 255 255 255 255 255 255 255 255 255 255 255 255 255
255 255 255 255 255 255 255 255 255 255 255 222 182 185 177 243
255 255 255 255 255 255 255 255 255 255 255 180  90 126 103 226
254 251 255 255 255 255 255 255 255 255 255 181 116 105 103 225
248 216 253 255 255 255 255 255 255 255 255 172 102 110  75 224
254 252 255 255 255 255 255 255 255 255 255 241 223 223 221 249
